31294929
748677833
841513465
225918032
668762415
34034465
428136580
335524587
188827999
291413104
727905582
109577461
848690704
659126247
428942446
492611146
140930026
746347450
449329243
16946895
520328147
144111342
406479892
656724304
111886474
398106419
836679236
97678570
562865523
59779019
966856957
79771886
992427997
726677481
241981073
93820862
5783534
863101109
908709177
750663089
983971336
8421657
246397619
797092279
409012839
862324511
796294324
250017202
810674213
855910825